image: loma_kitchen.png
mode: trinary
resolution: 0.005000
origin: [-1.224998, -10.124998, 0.000000]
negate: 0
occupied_thresh: 0.65
free_thresh: 0.196
